3,2
3,1
3,3
10,205
10,259
10,13
10,73
10,309
10,19
11,4
0,528
9,5
9,1
9,7
9,2
9,3
8,17
8,11
8,16
8,2
8,3
102,4
102,3
102,2
102,1
102,0
92,3
92,2
92,1
92,0
63,3
63,2
63,1
63,0
60,3
60,1
32,3
32,1
20,3
20,2
20,1
19,3
19,2
19,1
12,3
12,2
12,1
11,30
11,29
11,28
11,27
11,25
11,24
11,23
11,22
11,21
11,19
11,18
11,16
11,15
11,14
11,13
11,12
11,11
11,10
11,9
11,8
11,7
11,5
18,1
11,3
18,3
11,2
11,1
10,317
10,310
10,292
14,1
10,291
14,3
10,287
13,1
10,277
13,3
10,272
10,258
10,255
10,251
10,248
10,244
10,240
10,237
10,233
10,230
10,221
10,201
10,200
10,197
10,180
10,176
10,171
10,168
10,167
10,157
10,142
10,120
10,116
10,113
10,109
10,106
10,105
10,102
10,101
10,98
10,74
